"BOOKLEV"	"EBIT"	"INVGRADE"	"LOGSALES"	"MARKLEV"	"RATING"	"RETA"	"WKA"
0.256677567959	0.05760994	0	6.316473	0.212763175368	2	-0.107975132763	0.22902174294
0.49822	0.003254789	0	9.938469	0.7834353	2	-0.106865569949	-0.07309713
0.2276335	0.16681791842	1	10.0117950439	0.09852892	6	0.382622033358	0.13625086844
0.467677861452	-0.0294629875571	0	8.43012	0.6448439	2	-0.14308796823	0.03182491
0	0.0344122648239	0	7.291656	0	3	0.285224	0.6508468
0.1880256	0.0410130433738	0	8.673782	0.09323333	2	0.08744968	0.238327071071
0.316874831915	-0.0209858249873	0	6.757193	0.2560707	2	-0.07877767	0.413961440325
0.2452444	0.105410806835	1	9.004975	0.162728115916	5	0.469218343496	0.04529821
0.2854958	0.05279536	0	7.9981	0.4753297	3	0.03852848	0.09881329
0.05425123	0.1455487	1	8.169402	0.0288204774261	4	0.5613006	0.2839527
0.3541492	0.07011359	1	10.6055450439	0.444811463356	4	0.29181355238	0.0265793744475
0.240821376443	0.02969442	1	9.919361	0.296371042728	4	0.09951948	0.0222614314407
0.331713467836	0.04106431	0	8.384189	0.4735321	3	0.180185437202	0.2063182
0.157894730568	0.09560598	1	7.379008	0.1205059	5	0.395944	0.0236600674689
0.158109858632	0.083483	1	10.22749	0.14181663096	5	0.3622035	0.0474391542375
0.24936388433	0.1025357	1	9.157678	0.198320582509	5	0.303680062294	0.0816471
0.194355413318	0.0614613	1	10.1719484329	0.2028631	5	0.2543922	0.0422008559108
0.198012039065	0.1323568	1	10.0321884155	0.242820754647	4	0.229557931423	-0.06052838
0.4250431	-0.0264215972275	0	8.532475	0.4939095	2	-0.11861	-0.0143595635891
0.441162	0.08067265	1	8.815028	0.3378671	4	0.44449493289	0.0283907130361
0.214202851057	0.07805271	1	7.542055	0.2638909	4	0.6478741	0.260528117418
0.2579338	0.144634768367	1	9.839258	0.129963219166	5	0.179941922426	0.2259103
0.354621469975	0.133169159293	1	7.268542	0.17397467792	4	0.4177069664	0.0845305
0.135065019131	0.169880881906	1	9.427868	0.0393803268671	5	-0.106154210865	0.192511186004
0.130924478173	0.0337906032801	0	7.581329	0.149105757475	3	0.385243445635	0.277470141649
0.2793291	0.127654910088	1	8.148997	0.144621014595	5	0.301851063967	0.1749351
0.4815524	0.189918458462	1	9.618182	0.192646130919	5	0.9381939	-0.0135246152058
0.367285251617	-0.147961989045	0	7.180525	0.4797694	3	-0.07383233	0.394286453724
0.113753177226	0.227556422353	1	8.916947	0.08835311	5	0.3191843	-0.00127061328385
0.0368221	0.1437009	1	8.852496	0.0141917774454	5	0.7268108	0.681796252728
0.4444469	0.123643152416	0	6.88353	0.226848766208	3	0.6140003	0.110984757543
0.224694177508	0.09968515	1	10.4897117615	0.206694170833	5	0.163867875934	0.233563423157
0.02315796	0.18972787261	1	7.528476	0.0187842417508	4	0.373114645481	0.09621214
0.232864573598	0.08113825	1	9.320467	0.2680367	4	0.231664553285	0.3615593
0.0137931033969	0.277769625187	1	9.140883	0.0217557344586	4	0.4597212	0.324578136206
0.00275208754465	0.0619292147458	1	9.047715	0.00284567661583	7	0.2889692	0.05940164
0.258735924959	0.102190822363	1	8.607674	0.164812743664	5	0.4415424	0.007778491
0.294841974974	0.110052369535	0	7.166421	0.224245414138	3	-0.0154872285202	0.321601420641
0.24410367012	0.06371152	1	9.311707	0.300919741392	4	0.275926560163	0.4051318
0.346188575029	0.249176	1	9.005724	0.113421	5	0.5232087	0.08802721
0.3809524	0.136871963739	1	9.701095	0.208986356854	4	0.139707073569	0.00357010378502
0.222253277898	0.158188730478	1	8.801517	0.149649471045	5	0.304	0.0180270075798
0.139342159033	0.173105	1	8.879821	0.0498025342822	5	0.1377155	0.3175705
0.3660036	0.106644563377	0	8.657164	0.277506023645	3	0.2595202	0.0114656724036
0.133033186197	0.2038312	1	7.483863	0.0421074926853	5	0.4363524	0.275203049183
0.262459933758	0.08452346	1	7.762171	0.107233911753	5	-0.0542116	0.173127368093
0.262277036905	0.127917021513	1	9.195126	0.124248988926	5	0.106466569006	0.07472303
0.2087201	0.17709197104	1	8.596869	0.07848195	5	0.76131105423	0.276012450457
0.232022836804	0.07814786	1	11.2267360687	0.319116175175	5	0.08399453	-0.05124011
0.332069844007	0.09325624	1	9.70447	0.342617839575	5	-0.119025349617	-0.0477725863457
0.3039273	0.0959454	1	9.93047	0.2607648	5	0.3601754	-0.07859883
0.346837878227	0.08301653	1	7.327277	0.350524872541	4	0.126064956188	0.0303264260292
0.284733533859	0.106644742191	1	8.153048	0.223371580243	5	0.462219536304	0.173207178712
0.05023601	0.147589340806	1	10.3368272781	0.0274805575609	4	0.3847775	0.162592723966
0.3007384	0.08833281	0	7.074104	0.199989050627	3	0.4190849	0.482950150967
0.301292836666	0.154935866594	1	8.783197	0.2066757828	4	0.211652860045	0.186260014772
0.136156335473	0.118549436331	1	6.95358848572	0.06751747	4	0.355012565851	0.09591199
0.178610682487	0.05880982	1	10.9122667313	0.167217642069	5	0.258050560951	-0.103566549718
0.3132193	0.0141128823161	0	9.122346	0.5224646	2	0.120558656752	0.0563958846033
0.480785667896	0.02299899	0	8.155879	0.5843461	2	-0.0108493128791	0.08293223
0.332851320505	0.1000241	1	8.624029	0.3342025	4	-0.023138133809	0.028681723401
0.135872647166	0.01993083	0	6.5426735878	0.138524949551	2	0.6023723	0.4106646
0.243507653475	0.106270335615	1	7.884153	0.195192918181	4	0.4907522	0.383466362953
0.3054588	0.152178555727	1	9.86303	0.160453677177	5	0.7000853	0.19166252017
0.286328136921	0.101619370282	1	8.851641	0.220409885049	4	0.05229224	-0.0483962967992
0.09260853	0.1572634	1	12.4270734787	0.08340592	6	0.381545	0.0183312874287
0.194686427712	0.08661502	0	7.737205	0.203282639384	3	0.29239076376	0.260248035192
0.1568322	0.1187926	1	8.686733	0.157079860568	4	0.361268	0.201190084219
0.236074447632	0.09563094	1	9.471704	0.213752225041	4	0.263727575541	-0.0445155762136
0.279455929995	-0.02263645	0	8.658467	0.3607583	3	-0.9811611	0.08401797
0.305052638054	0.08639284	0	7.194863	0.1881719	3	0.2677595	-0.0267037022859
0.2488445	0.06020964	1	9.061608	0.352463245392	4	0.246987462044	-0.02504952
0.2908094	0.05381454	0	5.589845	0.3448235	3	0.09692749	0.151214331388
0.229149118066	-0.02611626	1	7.661527	0.194396957755	4	0.450294852257	0.343302428722
0.287754118443	0.12722311914	0	7.39207	0.16759	3	0.320704877377	0.236003518105
0.3892831	0.110534876585	1	9.322413	0.26936674118	4	0.146743059158	-0.0646834149957
0.493842661381	0.09348717	0	6.078642	0.4612187	3	-0.0565120466053	0.113859824836
0.441706031561	0.179752066731	1	8.929038	0.197699218988	5	0.8627509	-0.07231405
0.22917792201	0.118802942336	1	8.73414	0.16888281703	5	0.210429042578	-0.03646114
0.252707332373	0.0832077	1	8.28578	0.2027506	4	0.224400281906	0.003152872
0.3796644	0.09012028	0	8.434561	0.324451267719	3	0.248594626784	0.1895527
0.007948692	0.148043572903	1	10.3676986694	0.00518922647461	6	0.5026292	0.341269433498
0.21776266396	0.136616051197	1	7.70057153702	0.139108747244	4	0.5211811	0.184525638819
0.2019475	0.128885924816	1	7.1809835434	0.159749045968	4	0.206665053964	0.2918229
0.546963	0.106269516051	1	10.5006465912	0.399140834808	5	0.238161	0.07856551
0.341737240553	0.09511824	1	7.801126	0.3790145	4	0.4313628	-0.0416367650032
0.2812691	0.191732540727	0	5.90877	0.09346049	3	0.188994243741	0.493520349264
0.3582292	0.1115072	0	7.14880943298	0.163871735334	2	-0.214672446251	0.197766184807
0.1638448	0.108687	0	7.921436	0.1382608	3	0.3982221	0.216108545661
0.0589853450656	0.238808169961	0	7.499978	0.05197871	2	0.189603224397	0.213983163238
0.4955294	0.1814425	0	5.632351	0.203179955482	3	0.164458736777	0.142430081964
0.2815318	0.09451373	0	6.83138942719	0.154086142778	3	0.2049947	0.04233701
0.3854853	-0.254853069782	0	6.948897	0.5653591	3	0.162956371903	0.007836153
0.102278418839	0.204548880458	1	12.12769	0.09217901	6	0.4395429	0.07410616
0.189372226596	0.1036958	1	8.272021	0.1058861	4	0.6597793	-0.08336163
0.231112137437	0.05004319	1	7.48604	0.111572429538	4	0.0485282838345	0.2163438797
0.3855749	0.111885786057	0	7.45963048935	0.262386828661	3	0.31477072835	0.04318193
0.357355564833	0.0174210835248	0	6.695675	0.7917105	1	-0.7035438	0.278141736984
0.6864805	0.223389551044	1	8.386629	0.223447173834	5	0.925629	-0.07132983
0.5791984	0.06433782	1	7.229963	0.6655155	4	0.0180640146136	0.0481212735176
0.3059753	0.0247454680502	0	5.149446	0.154026672244	2	-0.9300271	0.479331433773
0.4050969	0.261428683996	1	9.341097	0.108513779938	6	0.8420496	0.001657439
0.226581737399	0.0354545973241	1	10.0103216171	0.296571135521	4	0.0456731244922	-0.03562911
0.230019256473	0.204149127007	1	8.790665	0.197368770838	4	0.286727547646	0.3467647
0.112961918116	0.07148872	1	9.589845	0.133592948318	5	0.397804260254	0.16725255549
0.240469530225	0.156721115112	1	8.335573	0.169547125697	4	0.235211074352	0.327565968037
0.0160577781498	0.0270343627781	1	7.285507	0.0287622734904	4	0.07590127	0.0604918338358
0.195950224996	0.107342138886	1	8.461765	0.1326185	5	0.349197536707	0.185998350382
0.228464	0.01988397	0	7.675632	0.343571424484	3	0.592395842075	0.3211637
0.323379337788	0.06265626	0	6.692849	0.236212968826	3	0.136960685253	0.08536996
0.210586845875	0.03545229	1	8.613758	0.3021855	4	0.136447146535	-0.0651204958558
0.1612385	0.115820467472	1	8.429235	0.05646035	4	-0.5950745	0.132952615619
0.138647943735	0.132480084896	1	7.850707	0.114831484854	4	0.567102253437	-0.0683909952641
0.13718341291	0.102332524955	1	7.631067	0.121077083051	4	0.3950888	0.186870113015
0.274723261595	-0.00239691	0	8.001894	0.3100682199	3	-0.2027526	0.113499931991
0.5199389	0.0012223070953	0	8.840435	0.511046469212	3	-0.4194041	-0.0149732623249
0.198547571898	0.127378359437	1	9.202106	0.255038022995	4	0.109949164093	0.2466231
0.358109951019	-0.0112374760211	0	9.062536	0.7099547	2	0.0272136479616	-0.1987544
0.113686524332	0.139622375369	1	8.985283	0.05759675	5	0.460006535053	0.07382134
0.282097429037	0.125503644347	1	10.8708515167	0.170442268252	5	0.343220472336	0.137648239732
0.8181012	0.216101	1	7.447923	0.432735860348	4	-0.119663365185	-0.194369778037
0.455853134394	0.04914948	0	7.459069	0.471828460693	3	0.07001453	0.0498339831829
0.160356223583	0.08301176	0	6.45209	0.113065451384	3	0.157435670495	0.268920481205
0.2710136	0.04476575	0	8.950013	0.43172326684	3	0.435010373592	0.181820139289
0.2415629	0.0845028	1	10.37174	0.2106685	5	0.323620140553	-0.00607622554526
0.3401299	0.0740714	0	5.763704	0.350551068783	2	-0.0154980272055	0.272618
0.09315828	0.191889077425	1	9.05745	0.0442835949361	4	0.3694191	0.277097642422
0.439137130976	-0.08763508	0	8.357134	0.5952427	3	-0.0431433655322	0.08744223
0.2810523	0.047974653542	1	9.039576	0.2614843	5	0.143934622407	0.08615594
0.7578724	-0.0463292	0	6.882455	0.9036842	2	-0.5919271	0.102859430015
0.234047546983	0.1088986	1	8.712494	0.157755717635	5	0.6180895	0.116912715137
0.233073547482	0.154025346041	1	10.7430486679	0.201669812202	5	0.278007566929	0.146754041314
0.265096753836	0.06894945	1	7.47855949402	0.138052016497	5	0.445672	-0.4120839
0.149096414447	0.08191006	1	9.257329	0.135234236717	5	0.229825571179	-0.04603672
0.246015042067	0.122165411711	1	10.2225227356	0.173072516918	5	0.223067671061	0.149142861366
0.186500564218	0.232986241579	1	7.274895	0.06280478	5	0.3743027	-0.1672245
0.0907431	0.034881144762	1	7.29562044144	0.07384567	4	0.360149264336	0.1872498
0.240131363273	-0.0371959	0	9.565775	0.347727626562	2	0.397761553526	0.0195697341114
0.241143077612	0.106283031404	1	9.316051	0.1982801	5	0.169015467167	0.05969857
0.196569427848	0.144332811236	1	8.419543	0.07489923	5	0.4553949	0.07962566
0.2378824	0.1388518	1	9.758751	0.117847666144	5	0.5882626	0.110640272498
0.154714971781	0.08820236	1	8.433163	0.1421502	5	0.499152362347	0.132458090782
0.523054	0.05777396	0	5.316987	0.8025708	2	-0.14341892302	0.232106760144
0.303630918264	0.232760027051	1	7.274757	0.101695522666	5	0.7465466	-0.007698608
0.119566723704	0.1704361	1	9.84353	0.05450478	4	0.309650480747	0.3648727
0.2229522	0.07665918	0	6.727914	0.2088948	3	0.318947	0.237765952945
0.225294068456	0.1053423	0	6.980582	0.274452835321	3	0.257861375809	0.349110245705
0.0383564941585	0.2897353	1	12.701417923	0.022670686245	7	0.777862548828	0.129766955972
0.2628467	0.09467153	1	7.673316	0.260178864002	4	0.3708394	0.148905113339
0.215145751834	-0.007182087	0	7.540515	0.424795359373	2	0.29214194417	0.3856147
0.18821567297	0.18506641686	0	7.71587753296	0.15668424964	3	0.30083322525	0.5158852
0.3070128	0.07437892	1	10.01637	0.3595994	4	0.161782443523	0.07703208
0.009117433	0.0007293946	0	6.081762	0.00154302315786	3	0.303063452244	0.36342087388
0.09288906	0.124895863235	1	7.447675	0.0453968830407	4	0.219288915396	0.07437117
0.09225666	0.06905122	1	9.482697	0.05902055	5	0.227254450321	0.168083116412
0.242709055543	0.08402829	0	6.9773235321	0.2364875	3	0.05460718	-0.05677915
0.16647015512	-0.0103250844404	0	7.696192	0.129859864712	2	-0.8027066	-0.07707845
0.132578283548	0.08962609	1	7.321316	0.135609418154	4	0.45094743371	0.289444237947
0.345432	0.129049673676	1	8.935764	0.2738757	5	0.7437179	0.0232306923717
0.05815667	0.20961342752	1	9.681781	0.0328210070729	4	0.927786	0.373767137527
0.420056760311	-0.199621573091	0	6.43615055084	0.312765657902	3	-0.2459792	0.008514664
0.171486347914	0.169959545135	1	8.799869	0.02092409	5	-0.149352684617	0.227132171392
0.1679853	0.115052826703	1	9.96383	0.125986933708	5	0.4344342	0.115665353835
0.190378651023	0.0397963374853	1	9.891263	0.2054596	4	0.292854219675	0.202141985297
0.1485753	0.0225576665252	0	8.364554	0.215887114406	3	0.276684761047	0.142770990729
0.154856741428	0.166082218289	0	7.157639	0.105353921652	3	0.310483038425	0.269612520933
0.198160335422	0.0700714	0	6.39107751846	0.248495727777	3	0.5191186	0.08007736
0.2379219	0.258548438549	1	10.5415143967	0.0723194	6	0.3545114	0.134789332747
0.09385899	0.08474631	1	7.724668	0.04721756	5	0.274537533522	0.159720987082
0.27364423871	0.0767586	1	8.593506	0.258740544319	4	0.000402850942919	0.1256275177
0.347027570009	0.0620080642402	0	9.889541	0.6386955	2	-0.0961157	0.2475843
0.0030518793501	0.171991825104	1	8.617334	0.00148474727757	6	0.8845736	0.408924162388
0.519659638405	0.03598299	0	5.566637	0.6232245	2	-0.0156840346754	0.01731283
0.231644362211	0.244750320911	0	9.075706	0.3068267	2	0.0533782355487	0.240005359054
0.2606154	0.102319680154	0	7.793297	0.24298542738	3	0.402263969183	0.129010260105
0.406893461943	0.1003217	0	5.318326	0.293945580721	3	0.3171726	0.0569150447845
0.212924718857	0.176082611084	1	9.952611	0.09120109	4	0.180479675531	0.3257828
0.165052488446	0.131195574999	1	8.006568	0.06623826	4	0.443721	0.2960039
0.339366436005	0.088527	1	7.925233	0.263633	5	0.456649035215	0.118495710194
0.16450817883	0.103433869779	1	8.035158	0.131362453103	4	0.570818960667	0.2785305
0.4317191	0.01712862	0	7.634724	0.4653938	3	0.431251943111	0.128853946924
0.410191655159	0.200783848763	1	8.483838	0.117061391473	5	0.8467188	-0.02544284
0.06755306	0.05014421	1	11.3701629639	0.06041508	5	0.215450674295	0.153575539589
0.4767204	0.07608449	0	7.057382	0.2007431	2	-0.260958433151	0.198160350323
0.160057425499	-0.0437376648188	1	7.569463	0.105441890657	5	0.6710479	0.099363
0.4253689	0.102138854563	1	8.397734	0.2876475	4	0.127416223288	0.140112087131
0.5283036	0.0355689749122	0	6.587412	0.3937714	2	0.006501847	0.0569919757545
0.0918349	0.21303	1	11.3084936142	0.045356374234	6	0.6598624	0.0549660548568
0.128083989024	0.153284117579	1	8.596743	0.07428876	5	0.553867161274	0.162241712213
0.3328248	0.0742733255029	0	8.695674	0.230065539479	3	-0.0122049143538	-0.04785611
0.137252554297	0.140971809626	1	7.652023	0.07664411515	5	0.4428914	0.275704860687
0.08005816	0.219615668058	1	8.048117	0.03438402	4	0.5575573	0.128224760294
0.388845026493	0.09637871	1	8.22309	0.337546139956	5	0.100374959409	-0.030539246276
0.179474473	0.07405782	1	8.912918	0.117816649377	4	0.3724977	0.0299572441727
0.3036996	0.129309251904	1	7.07387	0.155541524291	4	0.2514801	0.100066117942
0.105823673308	0.1985075	1	9.46667	0.04672925	6	0.8067996	0.184425979853
0.257015734911	0.200696766376	1	9.216166	0.2515506	4	-0.5300948	0.00619319360703
0.0923502	0.2545886	1	10.0323810577	0.0359259024262	7	0.3135669	-0.0114876162261
0.164363026619	0.1143214	1	8.415825	0.19072894752	4	0.133638635278	0.127393841743
0.180072128773	0.119509376585	1	9.263587	0.136868879199	5	0.461986660957	0.08918546
0.2174669	0.0589265748858	0	7.56557750702	0.3833619	2	-0.237192884088	0.185380265117
0.0500683039427	0.2613942	1	10.5668449402	0.01610978	5	0.619634	0.2475473
0.190617769957	0.0656487345695	1	7.777698	0.213796630502	4	0.4921193	0.4539073
0.545894443989	0.09769842	0	6.893419	0.5108686	2	-0.0805397	0.2497193
0.214103341103	0.122810833156	1	11.420085907	0.148932233453	5	0.403960347176	0.09937777
0.360349655151	0.102397240698	1	7.597593	0.2343507	4	0.6071194	-0.00432947371155
0.2098644	0.191310420632	1	7.774604	0.07227651	4	0.6392454	0.0568264164031
0.4241771	0.0460533164442	1	10.0898427963	0.4254289	4	0.04299468	0.08915227
0.2543642	0.09142972	0	7.068533	0.2096844	3	0.2254653	0.376641958952
0.3826303	0.0343376174569	0	5.56894	0.645064353943	2	0.196132645011	0.03586151
0.2053466	0.152270719409	1	6.60682439804	0.1262414	4	0.1912926	0.008284044
0.187506273389	-0.0006780967	0	8.744217	0.3506078	2	-0.09351873	0.05365335
0.120183676481	0.3487853	0	8.017218	0.07368228	3	0.49481	0.442706167698
0.310670435429	0.09174494	0	8.255153	0.293964475393	3	0.2924308	0.463495850563
0.240405216813	0.104092977941	0	7.45878	0.109293743968	3	0.245068743825	0.406437546015
0.00110009266064	0.04460294	0	8.458408	0.00185994163621	3	0.173024281859	0.193647235632
0.5015361	-0.0197498351336	0	9.035511	0.558841645718	2	-0.243471577764	-0.000438885239419
0.0462731570005	0.238190442324	1	10.8300056458	0.0147973727435	7	0.7016975	0.3232917
0.145090565085	0.06776343	1	10.2211923599	0.142789	5	0.307549357414	0.0184212476015
0.131357729435	0.06440323	0	10.8021030426	0.178482547402	3	0.06518824	0.158865660429
0.108287930489	0.05329517	1	7.004152	0.1210272	4	0.32621383667	0.39353916049
0.42060765624	0.05138349	0	7.20934	0.5091877	3	0.213785156608	-0.0241658370942
0.328862547874	0.0998832	0	7.32537746429	0.246747970581	2	-0.185435771942	-0.03410249
0.298246175051	0.117692410946	0	5.870872	0.181016847491	3	0.7492898	0.586624860764
0.463123559952	0.1632796	1	9.227905	0.2184767	4	0.254385560751	-0.09138021
0.335862547159	0.0263925641775	0	7.632689	0.453534334898	3	0.324368447065	0.45534953475
0.2090361	0.09939221	1	7.742475	0.183510273695	4	0.187707334757	0.192322745919
0.219459235668	0.120061643422	0	8.687273	0.22881937027	3	0.04384982	-0.0477724857628
0.2341381	0.1359549	1	9.674238	0.121777564287	6	0.6693165	0.008599538
0.195052787662	0.120818331838	1	6.67925	0.128645226359	4	0.416237950325	0.0452977344394
0.4637363	0.104665443301	1	8.007697	0.335055947304	4	0.03928709	0.024836037308
0.353090524673	0.09935553	1	11.0112743378	0.346323	4	0.211405143142	-0.0121570155025
0.7247656	-0.249210864305	0	6.330209	0.378728032112	2	-0.6472874	0.481373667717
0.223149240017	0.0165232159197	0	7.55969	0.165235728025	3	-0.4907223	0.313780158758
0.1417354	0.105932354927	1	8.428274	0.1596347	4	0.429762631655	0.1680294
0.108089521527	0.02172792	1	8.015162	0.118998683989	4	0.09739746	0.0541479
0	0.276456952095	0	7.314855	0	3	0.351581126451	0.5975249
0.26597738266	0.09941766	1	8.57533	0.204540237784	5	0.5328431	0.25299808383
0.220948040485	0.0306803956628	0	6.948078	0.184814915061	3	0.559590756893	0.333445668221
0.2643608	0.120549373329	1	9.591875	0.09529682	6	0.390817224979	0.206645026803
0.264103382826	0.16561613977	1	9.176681	0.159554466605	4	0.6040025	0.190513715148
0.148019254208	0.166773483157	1	8.486271	0.110373370349	4	0.9799219	0.269285619259
0.179714530706	0.107626877725	1	10.5244131088	0.153537452221	4	0.206350922585	0.0396842546761
0.3051771	0.107071623206	0	6.28882455826	0.154578715563	3	-0.06603665	-0.0563565343618
0.153170630336	0.2412948	0	7.158592	0.08669379	3	0.191871747375	0.6286123
0.3525516	0.0442173965275	0	6.80027246475	0.2866826	3	0.3053582	0.0693087
0.228849366307	0.165480822325	1	7.86284351349	0.220799416304	4	0.4856865	0.4033074
0.143059715629	0.191921234131	1	10.6745910645	0.0632881447673	5	0.495705366135	0.0809902
0.3826581	0.08719052	1	8.304668	0.3611832	4	0.206925779581	0.207818970084
0.3713051	0.118129380047	0	6.604002	0.26125395298	3	0.4387218	0.268870830536
0.07466926	0.08043178	1	10.0349979401	0.10471406579	5	0.327083826065	0.17977437377
0.251493424177	0.0650553	0	7.720505	0.244461923838	3	0.2275325	0.134127885103
0.1408169	0.176784336567	1	10.9784221649	0.152160286903	4	0.219489082694	0.043125834316
0.377975940704	0.130344778299	1	9.44478	0.2728503	4	0.367385923862	0.177482277155
0.169931560755	0.166625529528	1	8.55237	0.107826463878	4	0.230265766382	0.217119634151
0.328972965479	-0.0182321667671	0	8.497218	0.3910901	3	0.221519649029	0.0508323647082
0.250803023577	0.1592379	1	7.860185	0.122055880725	5	0.181722179055	0.0445285327733
0.127143070102	0.144523188472	0	7.526347	0.06210715	2	-0.7695221	0.137749761343
0.3381296	0.135470569134	1	9.926237	0.192283317447	5	0.75971364975	0.0604692436755
0.04724672	0.05969011	1	11.38566	0.0594325661659	4	0.187175214291	0.162288442254
0.107231989503	0.07473546	1	10.5419378281	0.0796552449465	4	0.09157848	0.09487703
0.2456795	0.08269455	1	6.822129	0.284721463919	4	0.3800519	0.0366815254092
0.143233835697	0.1333931	1	10.5188407898	0.09235494	5	0.435001373291	0.24921156466
0.1805654	0.172801017761	1	9.999338	0.104478955269	6	0.8467058	0.172720745206
0.1518785	0.03088779	0	8.492942	0.129119649529	2	0.1346173	0.243180453777
0.3353961	0.0899424	1	6.898746	0.13802446425	4	0.3703109	0.500710248947
0.118948958814	0.244235366583	1	9.960198	0.0400547	6	0.826159	0.09150295
0.2676972	0.08331677	0	6.957823	0.241291865706	3	0.264054983854	0.239929050207
0.119330137968	0.192011	1	10.51442	0.07002026	4	0.125501409173	0.4314567
0.09642191	0.222872033715	1	9.36564	0.0576405	5	0.4515338	0.08666673
0.05806696	0.07925099	1	8.70417	0.0474212	4	0.2343484	0.198222056031
0.3830256	0.08431964	0	8.424092	0.5489839	2	0.233183041215	0.172956973314
0.489502638578	-0.02965756	0	9.170976	0.571719646454	2	-0.188136979938	0.123929880559
0.343469828367	0.09831802	0	7.46002244949	0.318009	3	0.389165639877	0.320938646793
0.308045148849	0.111595161259	1	8.123491	0.266621261835	5	0.3767644	-0.09017707
0.402820438147	0.0869093	1	8.755029	0.2845757	4	0.203481331468	0.104765892029
0.1378645	0.05710406	1	8.390722	0.07461648	4	0.08090337	0.120497427881
0.3184668	0.0758718252182	0	6.322633	0.236935868859	3	-0.119477309287	0.250834852457
0.2287143	0.119946047664	1	7.647744	0.2229341	4	0.07685914	-0.007280216
0.308181673288	0.13182477653	1	9.005527	0.258398026228	4	0.0317281372845	0.125382512808
0.189865425229	0.19275264442	1	8.977047	0.08482518	5	0.285912245512	0.2541671
0.267971068621	0.08537953	1	9.044522	0.273856878281	4	0.3055953	0.0281891655177
0.37363922596	-0.38416916132	0	4.68264055252	0.378862529993	2	-0.4804977	0.331808745861
0.160606771708	0.07108201	1	10.332701683	0.20834416151	4	0.143508508801	-0.0124218156561
0.267576128244	0.09306478	0	8.760986	0.2773473	3	0.0794229	0.3282861
0.399846643209	0.004216983	0	8.633375	0.431259840727	3	0.136860266328	0.021468276158
0.129370719194	0.287575334311	1	9.449436	0.08192955	5	0.6661791	0.3944443
0.112762369215	0.289911150932	1	9.629577	0.08395792	5	0.3850161	0.08786578
0.225512638688	0.07778306	0	6.645013	0.27980735898	3	0.3219116	0.240848243237
0.143723577261	0.136601373553	1	7.765442	0.154411762953	4	-0.18311817944	0.281716
0.4296718	0.06879183	1	8.5741	0.3095461	4	0.155540451407	0.190067633986
0.2964419	0.16636197269	0	6.908058	0.333058536053	3	0.4935336	0.0754566
0.1660104	0.0957632	1	8.48103	0.157843589783	4	0.240806549788	0.3272041
0.5563024	0.0221386719495	0	8.864888	0.6221321	3	-0.1881262	0.0483522
0.146296516061	0.111047111452	1	9.230241	0.117163658142	5	0.7185808	0.192374154925
0.236533239484	0.09357079	1	7.55081	0.138252854347	5	0.4846742	0.310445725918
0.4740588	0.140142455697	0	6.276008	0.2654965	2	-0.259973555803	0.162895143032
0.14065682888	0.119366236031	1	9.013728	0.10945764184	5	0.417733043432	0.2101686
0.278067559004	0.129443868995	0	9.840601	0.211025714874	3	0.0423722	0.3161865
0.231306284666	0.101139456034	1	7.9884	0.177248	4	0.3134815	0.113823570311
0.3224894	-0.00399944465607	0	7.712098	0.4212443	2	0.2625828	0.135872423649
0.1639613	0.209222435951	1	10.3909015656	0.0504859946668	5	0.6323636	0.0330318026245
0.371989548206	0.07771359	0	5.896082	0.3891183	3	0.1975441	0.295929223299
0.152562409639	0.102122232318	1	10.845407486	0.09460189	7	0.323965460062	0.114387787879
0.06704962	0.2162097	1	9.022455	0.0453574955463	4	0.290046334267	0.237632751465
0.116973057389	0.2294601	1	11.9978485107	0.1350464	5	0.269460469484	-0.0163272544742
0.2286346	0.1216975227	0	7.554255	0.221912547946	3	0.126679673791	0.2512431
0.157283648849	-0.0335954427719	0	7.482513	0.194984	2	0.497185558081	0.4154981
0.07834453	0.07514701	0	7.463053	0.09691048	3	0.344292759895	0.187990918756
0.44319704175	0.1017457	1	8.611081	0.329515069723	5	0.429507941008	-0.0158719457686
0.2895569	0.09278195	0	7.111267	0.362957268953	3	0.2526883	-0.008516939
0.5264385	-0.04516271	0	6.74387645721	0.7096737	2	0.06699722	0.07751648
0.2111853	0.04708076	0	7.31064653397	0.186826914549	3	0.390081763268	0.156924411654
0.180368945003	0.147339522839	1	8.173688	0.08812373	4	0.3266155	0.124066963792
0.395403653383	0.183220371604	1	10.9462518692	0.145276963711	6	0.189152732491	-0.07655176
0.123540848494	0.2662453	1	7.585285	0.09680571	4	0.402152866125	0.121697567403
0.241202145815	-0.04538369	0	6.726577	0.217401623726	2	0.009786777	0.462181
0.18276527524	0.07185923	1	9.993968	0.199125245214	4	0.0625487044454	0.06837291
0.347328454256	0.0903054	1	9.865443	0.349754035473	4	0.303054	0.05306816
0.191857725382	0.112774685025	1	8.338096	0.0620515	5	0.0481982938945	0.102480322123
0.30580714345	0.07033394	1	6.876347	0.142485514283	4	-0.006228454	0.217093259096
0.436646252871	0.0458291359246	0	9.756783	0.624307751656	2	-0.3596037	0.106103122234
0.1656096	0.172990649939	1	8.517833	0.06584976	5	0.440211266279	0.275286734104
0.56695574522	0.0482552051544	0	8.76704	0.336521446705	3	-0.04348236	-0.0498626939952
0.225660532713	0.101572938263	1	8.986446	0.1695976	4	0.170350566506	0.1553408
0.0257899723947	0.1714734	1	8.505966	0.0118818385527	4	0.185572773218	0.180459663272
0.307747751474	0.06295379	0	7.268645	0.4750648	2	0.5664583	0.3948644
0.3622195	0.07915483	1	8.655362	0.4626844	4	0.138473138213	-0.0148742040619
0.5153477	-0.0596912764013	0	6.712568	0.319920063019	3	-0.5000343	0.235689744353
0.403543829918	0.08044729	1	10.55623	0.3742245	4	0.339184731245	-0.03563518
0.217338442802	0.130330830812	1	7.977721	0.0539382956922	4	0.4824795	0.08395716
0.329864	0.08562309	1	9.865474	0.242459282279	5	0.208576187491	0.05849292
0.2377012	0.0435710139573	1	9.159889	0.1064717	5	0.578964352608	0.3279462
0.24272814393	0.170267641544	1	9.568657	0.0712439343333	5	0.384693354368	0.1681194
0.426832765341	0.108897663653	1	8.315102	0.312146753073	4	0.112618722022	0.0332839936018
0.158681154251	0.02562716	0	7.447521	0.3315153	3	-0.11748854816	0.05021129
0.217292264104	0.116114921868	1	8.083167	0.1591904	4	0.09580801	-0.04356674
0.18338	0.135346218944	1	8.626765	0.09076624	4	0.3010862	0.3704704
0.12557259202	0.08449512	1	7.767349	0.103824354708	5	0.5413264	0.2822147
0.2621305	0.09981085	1	8.168649	0.210038170218	5	0.280866533518	0.08887897
0.1403151	0.07005205	1	8.933796	0.131544440985	5	0.3832466	-0.0160360112786
0.209912657738	0.04950835	1	10.6888036728	0.243556767702	5	0.195918485522	-0.07391233
0.38026073575	0.025618487969	0	6.721923	0.5968881	2	0.174271568656	0.2599641
0.3005557	0.112436883152	1	8.097213	0.209298327565	5	0.441708266735	0.268060147762
0.04684371	0.20448616147	1	8.491158	0.0127011034638	5	0.5933132	0.3279262
0.4416355	0.06454887	0	7.599681	0.5565952	3	0.206227585673	0.365369766951
0.14208035171	0.168563082814	1	10.3470830917	0.1190989	4	0.3598832	-0.05266338
0.251345455647	0.07783288	1	9.896675	0.255110055208	4	0.4386469	0.109529860318
0.290598	0.1747839	0	6.049653	0.211163848639	3	0.2110854	0.0138108767569
0.173092037439	0.194094225764	1	10.3183059692	0.0683167	6	0.5489545	0.06582274
0.242982178926	0.165978863835	1	8.533401	0.158800214529	4	0.7898508	0.290689766407
0.2051545	0.129630982876	0	8.171854	0.136566609144	3	0.100014641881	0.3379338
0.4687075	0.07244898	0	8.398635	0.6136055	2	-0.8187075	0.07414966
0.205414950848	0.187365114689	0	9.709478	0.197080940008	3	0.215813219547	0.1398862
0.5321493	0.03248172	0	9.324383	0.7531822	2	-0.025548486039	0.00265932176262
0.04388236	0.1992963	1	9.502413	0.01274496	5	0.8838213	0.454026430845
0.140834361315	0.07352886	1	7.875889	0.108978681266	4	0.3837769	0.13224247098
0.2801292	0.11095315963	1	7.435664	0.173465028405	4	0.331491	0.2841763
0.6419355	0.0288627445698	0	6.993641	0.7573114	2	-0.3031809	-0.0207860078663
0.1805393	0.110861413181	1	8.550325	0.194920450449	4	0.1826416	0.227564975619
0.191299140453	0.205525681376	1	7.487395	0.08728007	4	0.3797545	0.333652943373
0	-0.150553748012	1	3.5275657177	0	5	0.5362645	0.7480223
0.224231243134	0.08699374	1	8.629739	0.260066866875	5	0.193415045738	0.00317435944453
0.200475871563	0.07981348	1	10.5897865295	0.1775605	4	0.1318727	0.1070248
0.2851295	0.07244859	1	10.16639	0.3303734	4	0.29131758213	0.126428022981
0.129626944661	0.07063198	0	8.273226	0.144524440169	3	0.16975453496	0.232618376613
0.345093	-0.0168895460665	0	6.683919	0.647930145264	2	0.447470068932	0.261532455683
0.208197638392	0.0544637851417	1	9.516206	0.256761968136	4	0.272375077009	-0.0297304876149
0.351949572563	0.06877063	0	8.26985	0.5430495	2	0.112022913992	0.105615086854
0.112997561693	0.178269267082	1	10.659163475	0.0460543930531	7	0.4790472	0.119527570903
0.614491939545	0.651508450508	1	7.496333	0.1123329	5	0.3508361	0.4614366
0.0136169018224	0.103290684521	0	8.3913	0.0134006943554	3	0.3984539	0.262666136026
0.179422974586	0.107022322714	1	10.6592340469	0.1269166	5	0.345280349255	0.04052259
0.25033146143	0.0420354828238	1	10.453918457	0.273296326399	5	-0.000438682	0.04915188
0.4952909	0.111002609134	0	6.66323852539	0.191512465477	3	-0.0258078165352	0.0965371
0.3959756	0.06737883	0	6.931404	0.4003258	3	0.503436744213	0.0559668950737
0.420283943415	0.0428891330957	1	8.163751	0.522038042545	4	0.224278017879	0.298066318035
0.224872484803	0.0717376247048	1	8.277788	0.203081741929	4	0.421364665031	0.02942867
0.158698260784	0.162723347545	1	8.779923	0.118692219257	5	0.274724334478	0.2346193
0.295817434788	0.103392340243	0	7.010402	0.222590431571	3	0.4420018	0.285721957684
0.26644423604	0.09787253	1	7.90616	0.2289496	4	0.322944	0.08676525
0.167099684477	0.0237656179816	0	7.73915052414	0.229933440685	3	0.135075584054	0.251009
0.1659176	0.144701525569	1	7.970853	0.08054858	5	0.7342712	0.163200587034
0.124843008816	0.3775186	0	8.29434	0.06623056	3	0.2656468	0.218278855085
0.280916452408	0.134679824114	1	12.6550283432	0.166076987982	6	0.3629719	-0.0361973270774
0.09345174	0.114814408123	1	8.175797	0.05511395	5	0.8582625	0.0269598960876
0.181745111942	0.11175391078	1	8.233967	0.08762819	4	0.573464155197	0.05034825
0.2727885	0.0385047160089	1	8.727454	0.323345780373	4	0.0209923665971	0.110911540687
0.150460720062	0.08765762	1	9.569203	0.178904026747	4	0.2473327	0.04958778
0.488674044609	-0.1175987795	0	6.32098245621	0.7917839	1	-0.331311672926	0.352264851332
0.09842995	0.129227057099	0	8.639941	0.0816155	3	0.4317633	0.391606271267
0.24662566185	0.1762943	1	8.333103	0.06911876	5	0.5997328	0.07293012
0.3600419	0.0676445141435	0	9.66148	0.3668444	3	0.08112787	0.199972674251
0.259505748749	0.0934106	1	9.075844	0.367979675531	4	0.14143307507	-0.0326361767948
0.147164687514	0.190738871694	1	9.683958	0.07023124	5	0.2604817	0.1616133
0.1999219	0.104968473315	0	9.053613	0.4314398	3	0.02923779	0.279896080494
0.106495931745	0.139929130673	1	8.741681	0.07822572	5	0.394730836153	0.348881
0.198430359364	0.132482141256	1	9.565635	0.149306073785	5	0.314601153135	-0.0371032
0.6303646	0.124661527574	0	6.596769	0.4785672	2	-0.1464267	0.193307265639
0.162785544991	0.184389948845	1	8.86785	0.144422486424	4	0.331326365471	0.0227111745626
0.2618962	0.09154013	1	7.231386	0.105369463563	5	0.393584340811	0.0605379156768
0.00756165	0.09887987	1	9.176158	0.00389468460344	4	0.3875328	0.172724947333
0.517080843449	-0.0133097972721	0	6.182147	0.330568879843	3	-0.0480007529259	0.1994973
0.00338358059525	0.0167247317731	1	8.396133	0.004003426	4	0.404356330633	0.34280654788
0.07914024	-0.009513742	0	9.311994	0.0729101449251	3	0.1124031	0.170895
0.05700156	0.0383471138775	1	9.927343	0.10136924684	4	0.259582072496	0.316055327654
0.221705421805	0.04772172	0	9.485279	0.149969667196	3	-0.192972585559	0.209101617336
0.3569676	-0.0480029731989	0	6.787164	0.236858844757	2	-0.267865	0.256267547607
0.126523628831	0.09557638	1	7.913829	0.0452815257013	4	0.06889857	0.1620872
0.319551557302	-0.14886648953	0	5.73704	0.259610772133	2	0.264444351196	0.7079464
0.250738233328	0.146134153008	1	8.172964	0.156849250197	5	0.5367175	-0.02023534
0.116305373609	0.2102995	1	10.1592521667	0.1317959	5	0.3690486	0.0749884545803
0.0588385351002	0.205506667495	1	12.63372612	0.06048805	6	0.4289528	0.0588932
0.229291170835	0.289981424809	1	8.64362	0.07868782	5	0.8922657	0.432356745005
0.2799885571	0.0873448	1	6.829086	0.238190829754	4	0.339270830154	0.277112
0.9992067	0.057309	0	8.55177	0.5915176	3	-0.340730667114	-0.0434517338872
0.27825063467	0.09892735	0	7.239119	0.249319821596	3	0.280609846115	0.208353161812
0.398667037487	0.05580313	1	9.836599	0.526738941669	5	0.09196672	-0.0177860148251
0.2099866	0.181499049067	0	8.642287	0.192895650864	3	0.299834042788	0.1610735
0.1526685	0.159360155463	1	8.016611	0.048698015511	4	0.422091126442	0.207673
0.320008575916	0.0846573	1	8.761949	0.3099592	4	0.412185162306	0.100884713233
0.201108023524	0.07523952	1	10.079916954	0.177990570664	4	-0.012780662626	0.1120822
0.278373718262	0.163129538298	0	7.729172	0.211064741015	3	0.285992443562	0.0622706562281
0.326454132795	0.1055285	0	7.947894	0.2411149	3	0.2707346	-0.00692609
0.534169137478	0.08887106	0	7.735162	0.5981333	3	0.14856120944	0.09716746
0.001617807	0.147188276052	0	7.563966	0.000547255738638	3	-0.09649517	0.313716232777
0.222723558545	0.116853237152	0	7.826937	0.193142652512	3	0.312000274658	0.00648736255243
0.335222631693	0.06793165	0	9.603067	0.5218932	3	0.07417448	0.01922133
0.257750362158	0.06301594	0	6.08852338791	0.2815453	3	0.197910815477	0.317804574966
0.2621615	0.07086343	1	8.626837	0.224518150091	4	0.0136649943888	0.115796588361
0.2642128	0.205034434795	1	10.3062486649	0.09905289	5	0.348135828972	0.00387081457302
0.189714670181	0.0468524768949	0	8.69171	0.241613656282	2	-0.00238838139921	0.207649469376
0.453809052706	0.000455083267298	0	7.22759	0.693858146667	2	-0.00163829978555	0.178301632404
0.7276791	-0.01800169	0	8.192294	0.7195943	1	-0.9958922	0.0292376466095
0.258581876755	0.09429516	1	9.313528	0.145269945264	5	0.365398138762	-0.104705967009
0.339518457651	0.07053463	0	6.425363	0.315082937479	3	0.276831924915	0.21397061646
0.8582052	0.105721250176	0	6.065616	0.662731349468	2	-0.0427575968206	0.00186424062122
0.8336333	0.106930583715	0	6.050502	0.7689145	2	-0.0832273	0.250539958477
0.470160961151	0.1122174	1	10.7113027573	0.362010538578	5	0.08902644	-0.112883351743
0.2834328	0.03689192608	1	7.447247	0.138725623488	4	0.501929759979	0.119970723987
0.419422447681	0.07590035	0	7.795224	0.3930207	3	0.06511553	0.291979432106
0.183601513505	-0.157872721553	1	9.584411	0.138818159699	4	-0.5167118	0.0329284965992
0.254213571548	0.160918861628	1	7.41344	0.200200438499	4	0.2110087	0.1711128
0.171819061041	0.08532289	0	7.316159	0.145641282201	3	0.08106096	0.4079516
0.09442394	0.157703354955	1	8.248509	0.0488304	4	0.4054242	0.410126447678
0.187437415123	0.174754753709	0	8.267999	0.235964626074	3	0.2027524	0.3944412
0.07390413	0.129850789905	1	7.078439	0.0528602637351	4	0.5828447	0.0226874165237
0.3046201	0.0457806959748	0	6.727533	0.178123787045	3	-0.5329391	0.322715431452
0.314026832581	0.241908282042	0	7.356759	0.103753037751	3	0.09481249	0.01682261
0.404131352901	0.171824648976	1	7.500058	0.164978533983	4	0.469628065825	0.193467661738
0.232455432415	0.162495270371	1	8.819101	0.158840745687	4	0.166366755962	-0.0763945654035
0.252426445484	-0.0292205978185	1	5.52781248093	0.108644388616	4	0.3242839	0.2982205
0.3700675	0.06330362	0	7.564899	0.326109260321	3	-0.06351993	-0.05168969
0.280849546194	0.115200988948	0	7.703313	0.23793593049	3	-0.08622361	-0.0558791
0.131994828582	0.07926873	1	9.685356	0.153195276856	4	0.0464945062995	0.226492345333
0.263954669237	0.1742057	0	7.137257	0.228037938476	2	0.1592637	0.398328065872
0.288745164871	0.117994591594	0	6.241266	0.223832443357	3	0.05521272	0.133594840765
0.5970616	0.06592388	0	8.776779	0.54176056385	3	0.09598935	-0.02492751
0.4134713	-0.0322118960321	0	6.772514	0.755277	2	0.126175135374	0.318984121084
0.6820946	0.08707286	0	6.467397	0.440850257874	2	-0.4316432	0.150316864252
0.02760829	0.199143186212	1	10.9314622879	0.009059733	5	0.545069038868	0.076983
0.2047734	0.112258061767	1	7.82958650589	0.095082	5	0.4758267	0.111129768193
0.206866	0.129589691758	1	8.566059	0.07472843	4	0.3106841	0.31241697073
0.388308256865	0.27585875988	0	7.097181	0.09573	3	-0.4713119	0.317697823048
0.226288542151	0.368623077869	0	8.337855	0.111085765064	3	0.1976395	0.11772608012
0.17222777009	0.174499049783	1	7.074979	0.121918089688	4	0.0343603864312	-0.123243048787
0.10093510896	0.05116403	1	9.699661	0.11581466347	4	0.259659826756	0.18702
0.101068370044	0.06458857	1	9.566542	0.06199024	4	0.4932032	0.174027487636
0.3655396	0.242198973894	0	5.872053	0.192904978991	2	0.06129041	-0.05891048
0.321947664022	0.0248676035553	0	7.856568	0.1477379	3	-0.05663326	0.07090947
0.159368142486	-0.109106972814	1	10.84053	0.213942274451	5	-0.499068945646	-0.06296454
0.218643680215	0.1676081	1	9.281823	0.192692235112	4	0.2606613	0.04201764
0.297512769699	0.1741834	1	8.110006	0.1447686	4	0.36807885766	-0.04793849
0.152827009559	0.102273330092	1	10.2238645554	0.10545155406	4	0.17668196559	0.03682472
0.3214316	0.05942435	0	9.039958	0.509797632694	2	0.0350299850106	0.0289524737746
0.151976913214	0.08740619	1	8.902671	0.0967043	4	0.265193164349	-0.0811825
0.199074923992	0.139274284244	1	9.0601	0.08319499	5	0.348381221294	-0.00123765750322
0.202600777149	0.225227564573	1	8.934192	0.107459783554	4	0.414876461029	0.164057210088
0.213044524193	0.08977592	0	9.76587	0.2740481	3	0.1866029	0.24918153882
0.245838284492	0.07018761	1	7.80131	0.173300176859	4	0.325703531504	0.156922981143
0.42009344697	0.09339119	0	9.83124	0.5167629	3	-0.02857143	0.115620829165
0.141031220555	0.174340352416	1	9.621566	0.107949331403	4	0.3245703	0.00610022759065
0.172699064016	0.0340601056814	0	6.618624	0.37954133749	2	-0.06409788	-0.0172285754234
0.164324119687	0.171748965979	1	11.3066635132	0.144426345825	4	0.214128568769	0.0296687856317
0.128633320332	0.147366940975	1	6.95012	0.06867606	4	0.436682	0.15609075129
0.3394811	0.159905031323	0	7.400578	0.24810795486	3	0.175405472517	0.264694154263
0.5269508	0.02042175	0	5.959409	0.5194091	2	-0.160323157907	0.0220155864954
0.3181292	0.09767264	1	9.747469	0.275787383318	4	0.239331945777	0.1555885
0.102719165385	0.143983840942	1	8.046421	0.07651275	4	0.5428284	0.4716517
0.06910583	0.178591564298	1	9.68526	0.030989125371	4	0.4710758	0.216846048832
0.220364272594	0.07470673	1	9.071424	0.1601921767	5	0.372350275517	-0.00504219
0.262094378471	0.2161726	1	7.748978	0.04952018	5	0.4400982	0.274197518826
0.5371877	0.08698207	0	6.35999059677	0.75004	2	0.0169560816139	0.1924164
0.2745886	-0.12113314867	0	9.746202	0.5434282	3	0.0274118036032	-0.0314053371549
0.127051	0.262434542179	1	8.188263	0.0525480136275	4	0.5284988	0.05045542
0.282013475895	0.170103952289	1	8.255101	0.153849124908	4	0.133802428842	0.00274361227639
0.1732145	0.17947396636	1	8.805964	0.08739717	5	0.364352554083	0.161441221833
0.110484689474	0.171479776502	1	10.8384580612	0.106050640345	6	0.353929460049	0.189026668668
0.398086667061	0.09812839	1	9.643617	0.23460008204	5	0.361913323402	0.09315398
0.133711367846	0.246485248208	1	9.866564	0.0549455	5	0.3982485	0.09042714
0.4013847	0.0225609038025	1	12.0859632492	0.6484546	4	0.126869753003	0.141530111432
0.340604871511	-0.000699375348631	0	5.006085	0.293744325638	2	0.4321345	0.0807506
0.3421647	0.173566162586	1	9.693416	0.158711776137	5	0.181243419647	0.06262231
0.1647676	0.04032181	0	7.944489	0.231007575989	3	-0.0693431347609	0.0328596271574
0.5411728	0.08176233	1	10.4977245331	0.522232	4	0.08955318	-0.01310279686
0.144249171019	0.05275797	1	11.418302536	0.164298772812	6	0.22362972796	0.0808537751436
0.279199421406	0.20580676198	0	8.183466	0.2657726	2	0.22469201684	0.237535446882
0.133711367846	0.246485248208	1	9.866564	0.0605004541576	5	0.3982485	0.09042714
0.5634241	0.06378867	1	7.239031	0.314718276262	4	0.000663163256831	0.0128635922447
0.464832	0.09774299	0	6.819407	0.3993658	3	0.239175632596	0.0133694754913
0.316442936659	0.235313877463	0	6.546755	0.155895784497	3	-0.02766632	0.288188636303
0.194908112288	0.09901431	0	7.773089	0.113702952862	3	0.264946252108	0.149388283491
0.367573648691	0.08634062	0	7.648778	0.3542382	3	0.18247744441	0.0728884
0.3679358	0.0585624054074	0	7.470395	0.2902032	3	0.162625923753	0.0215980876237
0.428145736456	0.115509912372	1	8.094625	0.3185845	4	0.117630034685	0.1252245
0.5383573	0.0480855442584	1	8.869398	0.45735925436	4	0.0316362529993	0.00149627635255
0.252503365278	0.177844330668	0	6.32287740707	0.126980736852	3	0.196386352181	0.09642016
0.256443172693	-0.0151793081313	0	7.778923	0.2701591	3	0.5216454	-0.08571035
0.3870307	0.04296194	0	7.420533	0.424343764782	3	0.144065290689	0.13409627974
0.009653256	0.02835644	0	5.18867540359	0.003849151	2	-0.460256129503	0.438090771437
0.4759201	0.06666667	0	6.738271	0.2934515	3	-0.227900460362	0.401962846518
0.189149066806	0.08601953	0	6.555997	0.151841551065	3	-0.2936946	0.307984560728
0.4103301	0.06087893	0	6.589991	0.238539785147	2	0.0369339548051	0.118106991053
0.4713161	0.126164227724	0	10.10459	0.3319137	3	0.218627676368	0.0593925751746
0.427846550941	0.03749442	0	4.550788	0.193511113524	2	-0.0247863959521	-0.05285945
0.0242526270449	0.195936515927	1	8.08431148529	0.006897923	4	0.5192195	0.1915732
0.293847680092	0.05154297	1	7.028999	0.3167338	4	0.007539041	-0.00588998850435
0.2700397	0.0423990339041	0	6.835387	0.342444	3	0.244675040245	-0.0353921540082
0.239017248154	0.115082383156	0	5.714841	0.156372249126	3	0.218733251095	-0.0150954639539
0	0.08174934	0	7.721891	0	3	0.214953228831	0.497811943293
0.409593462944	0.10199932754	0	8.076144	0.307112336159	3	0.2051651	0.120092831552
0.38730314374	0.0181454382837	0	10.8722219467	0.439283668995	3	-0.457885533571	0.0257935430855
0.0178491119295	0.221409976482	1	10.6134824753	0.00613480340689	5	0.5851197	0.416225641966
0.4238769	0.10507170856	0	8.226392	0.31734842062	3	0.0952118	0.12119460851
0.4385718	0.230352371931	1	8.650128	0.209566235542	4	0.07860419	0.0278663933277
0.157399982214	0.174138724804	1	8.796528	0.07675174	4	0.2826591	0.0113325947896
0.601679	-0.07799465	0	7.099938	0.310906767845	2	-0.1906402	-0.08150025
0.164121359587	0.142129912972	0	9.549595	0.235626250505	3	0.0190388914198	0.211973115802
0.5441615	0.109909959137	0	7.29580354691	0.387814462185	3	0.243223279715	0.1460581
0.182086333632	0.006402878	1	7.126007	0.0552853047848	4	-0.307014375925	-0.04
0.25057888031	0.109550438821	1	8.531924	0.2436725	4	0.5285727	0.09781992
0.138858914375	0.152006134391	0	6.354443	0.0592307150364	3	-0.154831528664	0.348704278469
0.179938718677	0.0596877336502	1	7.026571	0.06235343	4	0.222364351153	0.191798463464
0.250581264496	0.194730237126	0	7.97665	0.227170363069	3	0.285912960768	0.264626145363
0.005192336	0.03277683	0	7.792555	0.0028625887353	3	-0.123767249286	0.123706415296
0.174396	0.0181053671986	0	6.204152	0.4108768	3	-0.143042519689	0.03886393
0.5046546	0.15495505929	0	6.733004	0.162465259433	3	0.05603334	0.07207329
0.313393622637	0.128209486604	1	8.136603	0.189775049686	4	0.56351095438	0.0337537825108
0.237030074	0.0113275339827	0	6.7671	0.2546577	2	0.07068219	-0.00311064952984
0.16687707603	0.2388736	1	11.8858966827	0.124990291893	6	0.3667188	0.09727351
0.486824929714	-0.0104013672099	0	4.82576656342	0.5696718	2	0.02433715	-0.260903149843
0.009984671	0.128278464079	1	8.455592	0.00179029954597	4	0.2597285	0.134518891573
0.354545	0.104650661349	0	7.28188848495	0.208428025246	3	0.238406449556	-0.00294095952995
0.272186428308	0.112193271518	0	5.948447	0.201242566109	3	0.1635774	-0.119144782424
0.388947248459	0.05911959	0	6.686914	0.4849316	2	0.1585387	0.196339651942
0.3929521	0.225248426199	1	7.030896	0.165277659893	4	0.8432426	0.182697579265
0.165993064642	0.04665442	1	10.6840047836	0.202700227499	4	-0.7614452	0.007144315
0.458480864763	0.0770026	0	5.85769	0.3494127	2	0.178082153201	0.0194276869297
0.4139849	0.07881001	1	8.797866	0.360418	4	0.277937620878	0.153734520078
0.328567355871	0.122199982405	1	8.943245	0.167998224497	5	0.263559252024	0.0125822136179
0.376684337854	0.11176315695	0	7.030031	0.301473677158	3	0.332582	0.295945644379
0.2223079	0.1157543	0	6.876058	0.1650536	3	0.273091763258	0.155230015516
0.219646736979	0.06852792	0	8.603316	0.3612291	3	0.134802654386	0.213871330023
0.2464617	0.119692534208	1	8.745603	0.09135994	5	0.418618828058	0.140556365252
0.126083269715	0.155704915524	1	9.503176	0.06438071	5	0.4775303	0.2752744
0.325136721134	0.004556926433	0	8.74565	0.510350167751	3	0.07911526	-0.0103231910616
0	0.2705657	1	8.66726	0	4	0.7782717	0.320033758879
0.2964811	0.06624212	0	7.775192	0.316436171532	2	0.06368172	0.248555675149
0.198137164116	0.116973340511	0	6.600325	0.114976033568	3	0.08729824	0.141369789839
0.305830746889	0.101453214884	0	7.230305	0.248085364699	3	0.113327130675	0.325138747692
0.5744088	0.01393616	0	6.759744	0.6636152	2	-0.09744021	0.2876496315
0.262587	0.1662787	1	7.17380952835	0.120182819664	4	0.266341	0.239763572812
0.366978	0.1080075	0	4.79208135605	0.287790954113	1	0.06269034	-0.07359029
0.3781437	0.0449416749179	0	6.048983	0.505059	3	0.08743428	-0.0131961973384
0.257138729095	0.08408907	0	6.992804	0.251344382763	2	0.2326633	0.156954154372
0.405180066824	-0.224210754037	0	7.730702	0.8449937	2	-0.274010658264	0.105602487922
0.3424928	0.08642316	1	6.87936	0.368941068649	4	0.250868856907	0.2049068
0.09589801	0.07667395	1	8.657594	0.129176989198	4	0.0110757	0.126495242119
0.351618051529	0.111188836396	0	8.447906	0.3254651	3	0.05620071	-0.0484345853329
0.190885946155	0.07595373	1	7.406227	0.1508448	4	0.483625	0.361931174994
0.471452564001	0.05233849	0	6.330838	0.6567791	2	0.000406121835113	0.2606058
0.437304526567	0.05106554	0	8.067483	0.4289188	2	0.0429239235818	0.212766930461
0.26372385025	-0.07331953	0	9.370303	0.4231164	3	-0.5099583	0.268022954464
0.1712747	0.179533213377	1	8.099858	0.142061948776	4	0.213285461068	0.2714542
0.369124	0.08448244	0	8.497638	0.30474331975	3	0.275771677494	-0.143195167184
0.376748263836	0.07977855	0	7.804088	0.522358834743	2	-0.183449879289	0.162878781557
0.0802631750703	0.07405583	1	8.925904	0.04136245	4	0.270255625248	0.274156033993
0.315410375595	0.199756518006	1	8.164795	0.162910565734	4	0.24135132134	0.005985594
0.0483494363725	0.287560373545	1	10.09175	0.0153900170699	6	0.5036232	0.279025763273
0.5707126	0.135155320168	0	7.08701	0.3451987	2	-0.01971737	0.109129048884
0.401336550713	0.0280998069793	0	5.578518	0.343024253845	2	0.0206032339483	-0.06097372
0.454804629087	0.100437887013	0	6.744547	0.586872339249	2	0.2266611	0.400955051184
0.66381	0.122564263642	0	7.01106357574	0.295021653175	3	0.08043958	-0.03057449
0.1527273	0.08736564	1	7.9696	0.0659170746803	5	-0.247370228171	0.0339957140386
0.0322605147958	0.215016633272	0	5.747174	0.0233786925673	3	0.5498173	0.272651672363
0.2356063	0.07071935	0	5.801862	0.373447775841	2	0.6734713	0.168804585934
0.26304513216	0.117383547127	0	6.455576	0.312816560268	2	0.214939653873	0.007711942
0.1030327	0.03635286	1	7.843456	0.100121051073	4	0.09990451	0.1896671
0.9718058	0.104995235801	0	6.27492	0.5862265	2	-0.791279	0.138675644994
0.216978028417	0.172597274184	0	8.232306	0.101832188666	3	0.187825128436	0.202697768807
0.18107791245	0.08282389	1	8.364927	0.17611938715	5	0.199564725161	0.0113953147084
0.5071975	0.06725934	0	7.134736	0.58644336462	3	0.123017847538	-0.0459276735783
0.2993537	0.138440355659	1	8.460238	0.274949759245	4	0.276002258062	-0.06591408
0.203634232283	0.1052755	1	9.354441	0.111875966191	4	0.291793674231	0.0021101993043
0.345698058605	0.06498382	0	7.130586	0.434148	2	0.0179926957935	0.358173131943
0.5782013	0.08974567	0	7.706622	0.3754863	3	0.107855848968	-0.0342748
0.0465225055814	0.09632188	1	10.876824379	0.03182259202	5	0.410702437162	0.0894693
0.3842393	0.07614779	0	7.07177352905	0.4043309	3	0.234008461237	0.221372067928
0.278733432293	0.07759766	0	6.31479740143	0.14357213676	3	0.009163711	0.193825513124
0.5638807	0.123423933983	0	6.868347	0.3805638	3	0.146794110537	0.01869961
0.171226143837	0.121039167047	0	7.474205	0.119901962578	3	0.2464082	-0.0255855154246
0.2386815	0.015668887645	0	4.359538	0.116442084312	2	-0.616801	0.171765863895
0.037619497627	0.0326708219945	0	8.091295	0.03280210495	3	0.112070821226	0.2287484
0.283214956522	0.15607136488	1	8.862059	0.279909	4	0.298458337784	0.1512212
0.259894579649	0.0186974741518	0	6.531061	0.327268153429	3	-0.159508287907	0.156207412481
0.705972850323	-0.006398476	0	1.10027754307	0.312757	2	-0.06078399	0.6193151474
0.344049334526	0.0276079252362	1	7.981289	0.3728434	4	0.278887271881	0.130350351334
0.2950591	0.1289142	1	7.603022	0.169888064265	4	0.383298754692	0.165173366666
0.327198058367	0.07231819	1	7.653257	0.317346870899	4	0.290479153395	0.177347034216
0.50200676918	0.0316920168698	0	7.457887	0.6457761	3	0.1631703	0.101758532226
0.482623934746	-0.00167384021915	0	8.288283	0.5381697	2	-0.456559866667	0.0734098553658
0.212804451585	0.196463167667	0	7.598945	0.106225788593	3	0.202861875296	0.0318568348885
0.215331926942	0.151140674949	0	6.84112	0.10342784971	3	-0.118837036192	0.202693
0.203156039119	0.0237249229103	0	8.63895	0.560855	2	-0.271360635757	0.2447202
0	0.0904814	0	7.668644	0	2	-0.1187047	0.248729050159
0.4816021	0.0853345	0	6.988413	0.316780239344	2	-0.0479694232345	0.12983751297
0.3316047	0.07351171	0	7.10213	0.307338774204	3	0.125071421266	0.158841669559
0.3241414	0.08430982	1	8.908787	0.288761	4	0.4547282	0.06747996
0.3502145	0.04041075	0	6.58136558533	0.2411147	3	0.167442381382	0.006933518
0.205385535955	0.103916689754	0	7.38982152939	0.131309986115	3	0.04029716	0.359850734472
0.332947	0.05045409	0	7.357286	0.302910149097	3	0.5875828	0.393312245607
0.664907	0.05551112	0	7.253092	0.5035531	3	0.08145014	-0.008344541
0.407796472311	0.0349112823606	0	7.279694	0.249271765351	2	-0.0179203022271	0.114060722291
0.169804215431	0.05431099	0	8.089391	0.214537665248	3	0.3632342	0.195877254009
0.588021159172	0.0266907066107	0	6.418202	0.6285655	2	0.265191674232	0.145068660378
0.838355	-0.3475628	0	7.604061	0.8672441	2	-0.29446592927	-0.112521007657
0.155962124467	0.135990321636	1	8.378198	0.09262649	4	0.4133898	0.08369338
0.7418004	0.0195552613586	0	5.572245	0.504022955894	2	-0.3485063	-0.0116135152057
0.3490154	0.06414372	0	5.99390649796	0.1805373	3	-0.04994564	0.05757641
0.561309158802	-0.08975734	0	4.0290055275	0.8977842	1	-0.607930839062	-0.278558731079
0.3228177	0.07237857	1	9.847472	0.40460807085	4	0.10166695714	0.0603692159057
0.381317764521	0.109377391636	0	7.072441	0.289843946695	3	0.3843411	0.06391528
0.9978528	-0.0285392124206	0	5.279532	0.9354723	2	-0.616488158703	0.101570948958
0.224143460393	-0.03627622	0	7.28299951553	0.317683964968	3	0.229547724128	0.08155266
0.144866943359	0.0237157326192	1	9.091782	0.100661210716	5	0.4588793	0.185867026448
0.05717107	0.08914865	1	8.174871	0.01633674	5	0.4932	0.506306350231
0.196001976728	-0.002949587	0	6.2294216156	0.118413031101	3	-0.159668564796	0.276972860098
0.546374857426	0.109323382378	0	8.395983	0.4197134	2	0.05393735	0.0502475947142
0.035017143935	0.119681753218	1	10.4039974213	0.0191124863923	4	0.0420867167413	0.07262019
0.2840911448	0.134761944413	0	6.299074	0.2204145	3	0.343169629574	0.02682534419
0.08370938	0.04622089	0	10.9073734283	0.09886541	3	0.1387624	0.170069977641
0.383522331715	-0.0494168549776	0	6.89784049988	0.694014251232	2	0.10098143667	0.4839208
0.4556992	0.0785224	1	8.93084	0.4442751	5	0.0426528453827	0.07333165
0.225240454078	0.125859975815	0	6.05327653885	0.06105046	3	0.433154731989	0.182987451553
0.184734940529	0.009963769	0	8.982184	0.259996384382	3	-0.234959	-0.00300343241543
0.647448658943	0.08368287	0	6.539683	0.653015851974	3	-0.161535456777	-0.0007350197
0.210805	0.009444869	0	5.616571	0.1633688	2	0.1650543	0.188616767526
0.145521044731	0.08873955	1	7.83116	0.0860845	4	0.155106142163	0.2601836
0.8009626	0.187381327152	0	9.039019	0.329727739096	3	-0.186621829867	0.03332888
0.179349243641	0.117416366935	0	6.941213	0.1040741	3	0.3704387	0.288688927889
0.45956403017	0.135544851422	0	7.57795	0.460714459419	3	0.3333443	0.03127576
0.7522815	0.00184611568693	0	7.467017	0.537858	2	-0.266484439373	0.113263316453
0.205183371902	0.09187337	0	7.033344	0.2623492	2	0.231171652675	0.006310108
0.271049380302	0.1086899	1	7.107427	0.09829871	5	0.1908741	0.280818939209
0.261258929968	0.04721974	1	6.56086540222	0.31181615591	4	0.166243553162	0.03135301
0.661999940872	0.07525683	0	7.997635	0.446090459824	3	0.136109620333	0.10584397614
0	0.1967446208	0	7.74329948425	0	3	0.2914117	0.6424608
0.3156262	0.09003489	0	7.098376	0.385938256979	2	-0.0237301271409	0.202171385288
0.04492358	0.16963455081	1	8.56054	0.0289581436664	4	0.247890457511	0.2810426
0.1839261	0.1830511	1	8.75405	0.08833841	5	0.5694066	0.2071388
0.3912396	0.1268712	0	6.970391	0.307831019163	3	0.119096271694	0.07019147
0.5675066	0.0687285	0	6.569176	0.64046394825	3	0.3080263	0.167221024632
0.391030937433	0.10908921808	0	6.824958	0.324162632227	2	0.0295556169003	0.382871448994
0.206074684858	0.366371661425	1	8.321817	0.106228850782	4	0.463337957859	0.161531433463
0.346636325121	0.150738880038	0	7.358975	0.150903835893	3	0.410919040442	0.08434911
0.3705825	0.09331607	0	6.320781	0.342447429895	2	0.06743822	0.241346955299
0.5307085	0.07950207	0	7.639236	0.312729358673	3	0.0552245639265	-0.007936821
0.5707607	0.07955445	0	5.682647	0.551064252853	2	0.0226470325142	0.175702
0.4005536	-0.09691785	0	7.032061	0.4433385	3	-0.111346460879	-0.102866820991
0.06923989	0.245945975184	1	8.567443	0.013207918033	4	0.2705178	0.207303866744
0.4874332	0.08676642	0	9.25966	0.404755145311	3	0.16574048996	0.0481695644557
0.157170027494	0.09486496	0	7.888822	0.108967356384	3	0.487105369568	0.3925447
0.363253861666	0.116993449628	0	6.24813	0.245627015829	3	0.236499756575	0.201370760798
0.241085872054	-0.147714346647	0	6.33872652054	0.289647966623	2	-0.485970646143	0.214963749051
0.5427418	0.06929403	0	6.85524845123	0.475991934538	3	-0.0449149757624	0.2267278
0.4773374	0.041797965765	0	6.824332	0.6650351	2	0.006498973	0.170765310526
0.4319044	0.05120101	0	7.15406847	0.3570077	3	0.20951615274	0.125272959471
0.152670830488	0.1054984	0	7.460478	0.1215692	3	0.2636237	0.05636103
0.06307977	0.2039671	0	6.619776	0.0248622372746	2	0.0307606160641	0.422611266375
0.159342423081	0.1432710886	0	6.59814	0.04550609	3	-0.0214727446437	0.149732574821
0.421807	0.04397793	0	6.92918	0.2445908	3	-0.094671	0.025104098022
0.449225842953	0.08552963	0	5.958794	0.497242063284	3	0.2484204	0.4912708
0.139333158731	0.165159925818	0	6.788726	0.0522442236543	3	0.404304563999	0.305587232113
0.412117958069	0.03284733	0	5.04364442825	0.7181649	2	-0.162836462259	0.04716634
0.5509927	0.05185068	0	7.759674	0.9648595	2	-0.005072742	0.08825665
0.252792149782	0.08187586	0	6.432205	0.280658	3	0.167524978518	-0.09083792
0.1787187	0.06036899	1	6.082059	0.226698443294	4	0.289137035608	0.0181477665901
0.188638240099	0.0561663545668	1	7.576882	0.146075	4	0.117526516318	-0.03394557
0.305065721273	0.09892689	0	5.899234	0.197171926498	2	0.205480843782	-0.0373571962118
0.4022984	0.0636564940214	0	5.17188644409	0.6432954	3	0.07371115	-0.007668872
0.5412159	0.06635751	0	5.739069	0.591873645782	2	0.05420776	0.112187348306
0.3165368	0.06808012	1	7.831785	0.303843647242	4	0.158057034016	-0.147269919515
0.37895077467	0.08537754	0	7.492742	0.474686563015	2	0.0429803729057	0.326692372561
0.5359355	0.1334684	0	6.36275053024	0.411946445704	2	0.0794611349702	-0.214217662811
0.4889706	0.08117083	0	9.228385	0.50702804327	3	0.118480660021	0.05978983
0.41097715497	0.0285554	0	7.024611	0.329038619995	1	-0.191190585494	-0.0253085680306
0.1259714	0.07167777	1	8.443439	0.07145528	4	0.121000222862	0.271168678999
0.363032668829	0.04792701	0	9.439466	0.7154565	3	-0.09365977	0.120337218046
0.120377711952	0.04987839	0	10.2684192657	0.207419872284	3	0.2220451	0.2794338
0.316815376282	0.1575098	0	8.074374	0.181224629283	3	0.2205093	-0.07260574
0.5754979	0.02021487616	0	5.45232963562	0.725236952305	1	-0.7264407	0.0008533595
0.25065612793	0.2251237	0	7.68931	0.22318457067	3	0.423479259014	0.2950218
0.2223876	0.135578334332	0	6.091226	0.176493123174	3	0.193918764591	0.3017615
0.3000736	0.183166027069	1	8.613178	0.13483504951	4	0.242419362068	-0.005992143
0.341898441315	0.05107407	0	6.697018	0.301483541727	3	0.06420057	0.0383584722877
0.5388522	0.129996344447	0	7.822265	0.3799374	3	0.1277724	0.130900546908
0.1695305	0.170637920499	0	7.485772	0.09203502	3	0.09972058	0.3679847
0.249842062593	0.1006673	1	8.733094	0.2497457	5	0.185303643346	0.07861486
0.542511641979	0.150175258517	0	6.694512	0.260856181383	3	-0.0414714030921	0.109850555658
0.412337660789	0.140692636371	0	9.046644	0.07209628	3	-0.546807348728	0.270562767982
0.09861754	0.166866317391	1	8.228524	0.04895724	4	0.4515492	0.17321203649
0.516573548317	0.044671036303	0	7.210909	0.506740868092	3	-0.05968363	0.122841246426
0.3264978	0.0768028050661	0	6.130659	0.2488394	3	-0.0188389513642	0.158106684685
0.467636436224	0.07034036	0	7.083925	0.353404849768	3	-0.280105143785	0.07037247
0.2697379	0.07205259	0	7.198307	0.209068283439	3	0.193286761642	0.374094635248
0.9027174	0.15497776866	0	4.662108	0.497005432844	2	-0.4320557	0.129396960139
0.2676374	0.145802468061	1	10.2446632385	0.309469074011	4	0.24950067699	0.1964113
0.32643032074	0.2058617	1	9.143024	0.1248939	4	0.254299759865	-0.134784132242
0.573665	0.048060324043	0	7.766182	0.691021	2	0.06901261	0.121974118054
0.4328879	0.06125748	0	6.509639	0.5659236	3	0.0143167823553	0.252510726452
0.514306545258	0.09736395	0	5.563075	0.525396049023	3	0.07661001	-0.007735673
0.33532127738	0.00248923921026	0	7.261997	0.2408407	3	-0.135870978236	0.3343878
0.08696116	0.188995	1	10.3128070831	0.0454116165638	5	-0.2577792	0.0264163445681
0.1107763201	0.07263271	0	6.77477455139	0.0450408570468	2	-0.289179354906	0.4878423
0.4812589	0.0904365	0	8.694433	0.5389741	3	0.2031262815	0.07482257
0.26958155632	0.104842990637	1	7.301466465	0.164546459913	4	0.222635045648	0.267822623253
0.7263269	0.07912488	0	5.52720451355	0.7151839	2	0.0577073954046	0.300642132759
0.5633368	0.08366813	0	8.972697	0.6456945	3	0.179274111986	0.09790312
0.221012979746	0.07827543	1	7.766417	0.2334678	4	0.07450816	0.109250731766
0.519763231277	0.0416084639728	0	5.581366	0.472843945026	2	-0.04787648	0.222470253706
0.112603969872	0.0403071	1	7.961684	0.100363947451	4	0.381616562605	0.124504156411
0.537701845169	-0.222776740789	0	7.00562047958	0.9121306	2	-0.9639169	-0.08034882
0.290936052799	0.04900742	0	7.527593	0.226710155606	3	-0.237410321832	0.368500471115
0.243777558208	0.08490822	1	10.40484	0.2579306	5	0.170606181026	0.199798479676
0.2952692	0.1975677	1	7.517948	0.2011357	4	0.121444627643	0.03957166
0.2806474	0.03978222	1	9.042593	0.30684	4	0.09455585	0.02453805
0.11347797513	0.06686051	1	11.0252552032	0.199296087027	6	0.246456280351	0.169387340546
0.295645743608	0.0291933454573	0	8.850079	0.349884539843	3	-0.116031512618	0.121969416738
0.191704	0.03403843	1	9.566195	0.23137396574	4	0.222655534744	-0.004845541
0.185992047191	0.09577423	1	9.983888	0.149189248681	4	0.00204710755497	0.141541212797
0.336219936609	0.0007681503	1	9.662148	0.4032561	4	0.317120760679	0.054866
0.04178273	0.164836928248	1	8.808832	0.0232019964606	5	0.4491233	0.325413674116
0.269891440868	0.09298029	1	9.421969	0.199512422085	5	0.2856266	0.06629874
0.1289552	0.03668444	1	10.3841123581	0.100897520781	6	0.01645549	-0.02652958
0.1819653	0.05679493	1	8.494373	0.28348004818	4	-0.0217132158577	0.01566759
0.1421915	0.1315908	1	10.3800945282	0.06276096	7	0.553298	0.10592045635
0.316324561834	0.0276043582708	1	9.324424	0.362167030573	4	0.35956504941	0.0540505759418
0.169243365526	-0.0125664491206	1	7.858003	0.05776648	5	0.4607209	0.2697357
0.20184455812	0.09093238	0	8.520206	0.1942884624	3	0.248207	0.1667522192
0.355466	-0.0136650316417	1	8.520786	0.4422292	4	0.177645415068	-0.019096005708
0.261708259583	0.0352691635489	0	6.964398	0.247966185212	3	0.187272325158	0.0634468048811
0.110815770924	0.205157160759	1	10.1674423218	0.1598615	5	0.580759644508	0.209354266524
0.354127675295	0.111097425222	1	9.636227	0.293723076582	4	0.187919557095	0.00197376380675
0.4121052	0.0105796847492	0	6.850958	0.244210347533	3	-0.309275537729	-0.025927497074
0.265233159065	0.211428433657	1	10.3041744232	0.100681684911	5	0.367145031691	0.0210498720407
0.7243892	0.007929367	0	7.649668	0.6838348	2	-0.3730183	0.04458678
0.21412704885	-0.160817414522	0	6.268528	0.4189753	3	0.103805713356	0.147045761347
0.3899539	0.08333963	1	9.153209	0.3416299	4	0.123250290751	0.150238052011
0.7960158	0.08855522	0	6.863418	0.6104165	3	-0.04642197	-0.04472101
0.297116279602	0.128942623734	0	6.937881	0.244762778282	3	0.297743648291	0.176830112934
0.5184286	0.18672336638	0	6.48060750961	0.4090652	3	0.3727442	0.0113862911239
0.4768444	0.05320056	0	5.79274845123	0.699622154236	2	-0.181880012155	0.2442913
0.143249511719	0.114452041686	1	7.620029	0.07692333	4	0.120294719934	0.240077033639
0.3680261	0.0382139869034	0	6.619293	0.295361071825	2	0.07218167	0.07925516
0.404588848352	-0.144922450185	0	5.792269	0.4258705	2	-0.2247004	0.02963453345
0.116348	0.06467128	0	7.480361	0.07776739	3	0.256282627583	0.09318936
0.5338293	0.002302575	0	8.78972	0.589746952057	2	-0.431987136602	0.0290469937027
0.15293	0.1482849	1	9.389853	0.09195773	5	0.191877171397	0.00905191
0.154679074883	0.006278562	0	9.044404	0.239213421941	3	-0.31244596839	0.306332081556
0.210880428553	0.0371491722763	0	7.351992	0.297830045223	2	0.0140330642462	0.414600163698
0.152490675449	0.1585903	0	7.528386	0.08440308	3	0.0482887141407	0.09318875
0.3508774	0.08454763	0	5.266574	0.244670167565	2	-0.002071924	0.417628854513
0.179231986403	0.09728789	1	7.85635852814	0.163118034601	4	0.4443062	0.09587792
0.289516061544	0.09098522	0	7.017723	0.38882085681	2	-0.20058684051	-0.0194810274988
0.2371782	0.0323853567243	0	6.818556	0.20407897234	2	0.009461289	0.09610193
0.4302571	-0.01783729	0	3.706277	0.5622879	2	-0.08591429	0.3209502
0.417610436678	0.019746016711	0	5.13480949402	0.5610606	2	-0.242397233844	0.04362738
0	0.188113182783	0	7.773042	0	2	0.455878168344	0.5796865
0.183454588056	0.0426010638475	1	8.127789	0.346655577421	4	0.298207461834	0.01957549
0.340012520552	0.09277529	0	6.069629	0.3121048	3	0.08784821	0.04354331
0.7390576	0.0349555723369	0	7.07281351089	0.6633369	2	-0.368978261948	0.0339425
0.429885447025	0.08356474	1	9.383033	0.4201228	5	0.175373136997	-0.01614023
0.08707278	0.133087515831	0	8.135902	0.06842931	3	0.028883067891	0.03824515
0.470228850842	0.06155802	0	7.525694	0.4145544	3	0.08521987	0.05938721
0.432692229748	0.0638435855508	0	5.916563	0.482506930828	3	-0.00200828560628	0.0171387940645
0.296937376261	0.08495878	0	8.465331	0.3345501	3	0.105562239885	0.167093724012
0.6976557	0.0141687532887	0	6.56347	0.519602954388	2	-0.5101733	0.118898034096
0.246646150947	0.109660550952	0	8.394144	0.1664981	3	-0.09368995	0.114451125264
0.408002942801	0.0787482	0	6.355508	0.4163311	2	0.0342439822853	0.127116471529
0.120393969119	0.105310283601	0	9.018696	0.110613390803	3	-0.147461950779	0.06308974
0.8234776	-0.0240085422993	0	5.560647	0.3385523	2	-0.9549308	0.08403357
0.0498292	0.0630527362227	0	7.63238048553	0.03059714	3	0.06021629	0.148388624191
0.5070147	0.06713112	0	5.35582637787	0.425081968307	2	0.06712957	0.03892372
0.353565573692	-0.00202953675762	0	5.55311059952	0.338939666748	2	-0.0227156355977	-0.02687966
0.06934853	0.146523937583	0	8.12154	0.05674019	3	0.110151931643	0.22485037148
0.4337104	0.06706152	0	5.62880754471	0.102486371994	2	-0.122196	0.5176501
0.286726862192	0.00377527135424	0	5.46494150162	0.180673375726	2	-0.315978974104	0.1787066
0.2308496	0.08789042	0	6.35323047638	0.246161580086	3	0.0211541932076	0.118916779757
0.347866237164	0.104926578701	0	6.321329	0.235848680139	3	0.0399267673492	0.194482222199
0.105347782373	0.1792923	0	6.26351451874	0.05809155	2	-0.258597671986	0.2643825
0.4967615	0.05378767	0	6.697158	0.471456050873	2	-0.8986201	0.129540979862
0.00488318549469	0.129795476794	0	6.503358	0.004515539	3	0.00362158264033	0.08963162
0.4023973	0.118041679263	0	7.606414	0.360034763813	3	0.231789261103	0.3935636
0.245863571763	-0.06088874	1	7.308005	0.324720442295	4	0.1716562	0.209529921412
0.582877457142	0.167432665825	0	7.014776	0.312847673893	3	-0.341413527727	0.03989301
0.08469396	0.07780591	0	7.887891	0.110782757401	2	-0.0007652215	0.06658167
0.309219866991	0.109574466944	1	7.92153549194	0.217784181237	4	-0.07198582	0.129078015685
0.4240439	-0.0164131857455	1	6.939965	0.437812149525	4	-0.379745334387	0.156462043524
0.2620769	0.0398420244455	1	8.815709	0.3350795	4	-0.0392775945365	-0.0568848960102
0.663831353188	-0.03123652	0	4.187729	0.383589535952	1	-0.2273386	0.202760845423
0	0.0478447638452	0	8.544614	0	3	-0.223966822028	0.3719449
0.7730187	-0.009959873	0	5.789376	0.5127144	2	-0.5801483	0.0486942529678
0.3523051	0.06346026	1	7.597726	0.226097226143	4	0.135695159435	0.09192479
0.8455905	0.05126678	0	7.001994	0.8296862	3	-0.2469356	-0.117009520531
0.536383450031	0.172663658857	0	7.49645853043	0.133958652616	3	-0.2371574	0.1902562
0.145771175623	0.199854046106	0	7.207858	0.037671	3	0.2348898	0.311377
0.6592386	0.09756338	0	7.67901	0.512961149216	3	-0.0325300134718	-0.0116259716451
0.4406735	0.06044161	0	6.41942	0.4291753	3	0.08493315	0.06906617
0.7527853	0.105642050505	0	6.046727	0.3126028	2	-0.4454814	0.226099416614
0.29602137208	-0.007422803	0	9.739556	0.7117514	2	-0.52657365799	0.05730404
0.116878479719	0.07239199	0	7.023071	0.08867771	3	0.0344518534839	0.04251423
0.2906229496	0.0102417506278	0	5.63822650909	0.36390593648	2	-0.08971757	0.113806024194
0.005748228	0.05096762	0	8.497398	0.00593252154067	3	-0.1793447	0.163249671459
0.371967	0.0488403253257	0	6.123637	0.6253387	2	0.1241049	0.440057128668
0.29382032156	0.0314250439405	0	6.062838	0.370051175356	2	0.09236958	0.0901147
0.1644768	0.0366764329374	1	8.747352	0.0772206	5	-0.232630684972	0.234899327159
0.25245654583	0.14260725677	0	5.998805	0.221175342798	2	0.1103282	-0.0039751525037
0.4946999	0.08592539	1	8.553253	0.3141235	4	0.187017261982	-0.08495665
0.28228533268	0.166863	0	6.4764585495	0.116393961012	3	0.377524256706	0.255147129297
0.372775763273	-0.00502074044198	0	7.659247	0.2640358	3	0.194598734379	0.224589571357
0.117498	0.216018080711	0	6.341947	0.08744697	3	0.476367264986	0.381523
0.394669055939	0.11222808063	0	6.125392	0.298586368561	3	0.13487033546	-0.0333222933114
0.278455078602	0.09818815	0	6.162769	0.1675176	3	0.165147	0.08839656
0.2051233	0.07686099	0	8.443429	0.114655725658	3	0.09957536	0.0440339669585
0.151455834508	0.3230552	1	9.060266	0.0716541	5	0.4527547	0.268419623375
0.122113	0.0817427	1	8.079215	0.08050329	4	0.04041802	0.176512688398
0.194349974394	0.08277226	1	10.4374923706	0.192305877805	5	0.135177344084	-0.009908378
0.008393998	0.185495	1	9.746508	0.00454478664324	5	0.149204581976	0.203506350517
0.06369427	0.177707	1	8.144679	0.0243425238878	5	0.0531847141683	0.19044585526
0.2343406	0.1925815	1	7.018528	0.08209983	4	0.358986467123	0.217330724001
0.274855852127	0.0603704340756	1	10.097202301	0.3180006	4	0.13935	0.2574698627
0.0142609970644	0.184222027659	1	8.097457	0.004860252	4	0.364092350006	0.1692969
0.5755806	0.08621193	0	8.619869	0.6727148	3	0.07530505	0.17969442904
0.323698669672	0.0631315	0	8.036503	0.2964381	2	0.0641072541475	0.07747323
0.8930377	0.359410226345	0	7.04860448837	0.130494013429	3	0.381368547678	-0.0456952862442
0.155909463763	0.174382269382	0	5.656576	0.0721812	3	0.3026022	0.206000715494
0.239294	0.161795	0	8.358191	0.114548318088	3	0.161463	0.159894645214
0.5721496	0.107447512448	0	7.114209	0.61481654644	2	-0.04884894	0.126742735505
0.258146673441	0.07735809	1	7.683797	0.206539928913	4	0.053976	0.220703572035
0.3317938447	0.0117611223832	0	6.040612	0.2870597	2	-0.1304088	0.106833457947
0.23392817378	0.195849239826	0	7.308685	0.0746472	3	0.284940779209	0.3120303
0.597636163235	0.0212464034557	0	7.4391374588	0.4669814	2	0.03725591	-0.01053443
0.4518984	-0.0412647053599	0	5.634957	0.27508237958	1	-0.08444339	0.140948683023
0.7835202	0.106522426009	0	7.830704	0.414530456066	3	0.0223862919956	-0.1701674
0.669240057468	-0.008952374	0	5.571557	0.626185	3	-0.371262550354	0.0309677254409
0.7556198	0.101763889194	0	6.51925945282	0.655911445618	2	-0.986156	0.131824970245
0.4079201	0.01493539	0	5.941181	0.6302705	2	-0.101210281253	0.0216971170157
0.302447170019	0.1012288	0	5.98624849319	0.226516023278	2	0.101020269096	0.2264645
0.2827252	-0.21036015451	0	6.825105	0.164932146668	3	-0.291538149118	0.1105097
0.9506294	0.005128801	0	5.42077	0.8198098	2	-0.674481451511	0.0379307754338
0.290806651115	-0.104287035763	0	6.850571	0.203794419765	3	-0.0814131	-0.0257722437382
0.541035234928	0.0156802441925	0	6.581999	0.281495630741	2	-0.100160367787	0.105128832161
0.32880756259	0.04108536	0	6.278863	0.4401806	3	0.0637616738677	0.02464945
0.375873476267	0.09469231	0	5.20722150803	0.252212882042	3	0.07144821	0.364604145288
0.08431166	0.128234222531	0	7.19471549988	0.09047678	3	0.1886061728	0.007561595
0.141113653779	0.148741424084	0	8.9297	0.07205065	3	0.364607155323	0.328375279903
0.223369985819	0.111129626632	1	7.413428	0.10050714016	4	0.112351439893	0.146784409881
0.266777843237	0.08339436	0	6.164821	0.150080248713	2	-0.09398512	-0.04966942
0.4570512	0.002585887	0	8.115979	0.4032052	2	-0.120918087661	0.1062243
0.3915084	0.106542333961	0	6.29132652283	0.3725759	2	0.110398821533	-0.01522909
0.490496367216	0.269543	0	6.729504	0.2447236	3	0.0674658343196	0.152765661478
0.405918926001	0.102799922228	0	6.747502	0.281001865864	3	-0.38545897603	0.294953435659
0.8208717	0.138877779245	0	6.609754	0.440839737654	2	-0.09836066	0.259896039963
0.301561444998	0.0708235949278	0	7.428541	0.3637885	2	0.04563454	0.1577292
0.1748954	0.09735007	0	8.672999	0.109060645103	3	0.08340307	0.2553696
0.584599256516	0.0249385517091	0	5.767608	0.427302569151	2	-0.04981748	0.05479459
0.7203183	0.02128901	0	6.298002	0.4478918	2	-0.272700369358	0.008103747
0.6015006	0.06802134	0	6.226327	0.5928243	3	-0.1674257	0.0181456822902
0.250203818083	0.1293752	1	7.873482	0.09165512	4	0.1372933	0.3459541
0.659110248089	0.06455936	0	6.367192	0.638369560242	2	-0.09176523	0.169908240438
0.351195	0.168683335185	0	6.62603	0.324772953987	3	0.0599651038647	0.218988269567
0.204285547137	0.08366438	0	6.567797	0.120590791106	3	-0.182617068291	0.0123991817236
0.318669080734	-0.029045695439	0	6.118095	0.1914474	2	-0.02453514	0.0129540972412
0.420962840319	0.101611986756	0	7.462164	0.104608744383	3	0.166164264083	0.04751299
0.387748330832	0.05503637	0	6.494747	0.407276362181	2	-0.352487325668	0.0668182
0.4236499	-0.05735568	0	6.597691	0.354942977428	2	-0.09757914	0.230726256967
0.598918259144	0.08962062	0	5.445184	0.5183013	3	-0.0435581728816	-0.04195729
0.5025534	0.05599459	0	9.469747	0.539241552353	3	-0.17328222096	0.136215552688
0.321927070618	0.08818612	0	6.6085	0.177089735866	2	0.009560649	0.07412993
0.4348384	0.151424542069	0	7.756947	0.3087729	2	0.08270627	0.3187559
0.5721602	0.036097612232	0	6.999565	0.5659686	2	-0.0303735826164	0.072371
0.230048775673	-0.08531587	0	7.602304	0.298509418964	2	-0.05714506	0.267084
0.4211647	-0.052762735635	0	5.430411	0.321710348129	1	-0.6693745	0.08263585
0.48815754056	0.06452449	0	7.304852	0.421203643084	3	-0.4852034	0.21145375073
0.289106845856	0.09777672	0	7.143359	0.301985144615	2	-0.08738253	0.2456689
0.1418027	0.025959385559	1	7.925417	0.107022918761	4	0.0244388878345	0.306429445744
0.367226660252	0.1982374	1	9.742734	0.2216916	5	0.2502341	-0.00564582739025
0.184144377708	0.07936793	0	10.0186891556	0.169659867883	3	0.0223559	0.114113844931
0	0.302516937256	1	7.674153	0	4	0.675701856613	0.6292352
0.5655161	0.169702753425	1	8.625594	0.221158832312	4	-0.146372675896	-0.07542344
0.3033358	-0.0125329717994	1	8.638115	0.3631691	5	0.0104597955942	0.223897472024
0.4128145	-0.06814507	0	4.98596	0.7432878	3	0.126135692	0.22422657907
0.118340775371	0.3219265	1	10.9665727615	0.09254962	5	0.2215455	-0.0020797366742
0.622096	0.177594080567	1	8.033487	0.224362075329	4	-0.0245226752013	-0.108673155308
0.443365335464	0.09439415	1	10.9777641296	0.470314234495	5	0.02647463	-0.1364609
0.3138953	0.103605464101	1	9.232091	0.257625281811	5	0.1707625	-0.0912979
0.365350335836	0.06708633	1	11.1911659241	0.4422286	5	-0.111284017563	-0.0648264
0.117246724665	0.08166782	1	9.000113	0.09917451	5	0.138955891132	0.150499656796
0.145966082811	0.261935740709	1	8.538642	0.05805098	4	0.3573544	0.1406264
0	0.123079739511	0	4.910181	0	2	-0.360211074352	0.418885052204
0.468826055527	0.1742619	0	5.42172	0.132809385657	3	0.0887543	0.159862533212
